   -0.464363
    -5.41594
    -4.03439
     3.88329
    -2.96465E-02
   -0.416514
     4.19405
    0.508638
     4.33836
     3.90777
     4.00255
    -1.42575
    -1.03969
     1.35880
    -5.13619
   -0.751141
     2.81227
    -1.04053
     3.65977
    -4.68781
     3.37544
     4.74457
     5.75278
    -4.61379
    0.488645
    0.869652
    -1.52405
     4.53832
   -0.924465
    -6.05881
     2.76719
    -3.72899
     3.77757
     3.67381
    -6.15072
    -5.80063
     2.69017
    0.229206
    -1.17528
    -5.43040
    0.517225
     1.62654
     3.33507
   -0.468453
    0.781326
     2.78104
   -0.177502
    0.528986
     1.31896
     3.14408
     2.25983
     2.33892
     2.48822
    -3.56635
    -4.58312E-02
   -0.767120
    0.872808
     2.57445
    -5.46099
     2.71600
     2.18072
     1.09573
     4.99426
    0.985201
    0.649184
     4.79388
    -4.52283
    0.412408
    0.196790
   -0.746561
    -1.03858
    -2.60032
    -1.08238
    -4.01385
     1.74100
    0.299762
    -1.12339
   -0.533906
    -5.17810
     1.26498
   -0.491116
     3.41527
    0.905328
    -5.58254
    0.948554
     3.74257
    -4.65818
     2.09220
     4.22504
    0.665648
    -1.64721
    0.460050
    -5.06376
     3.34929
    -5.37096
    -3.35523
     4.27247
    -4.42074
    -2.48667
    -1.14669
     1.26818
     1.30038
     1.92055
     1.41330
    -4.35269
    0.668051
     1.12377
    0.275619
   -0.251158
    -3.63033
    -5.71570
   -0.307730
     1.16671
    -3.73841
    0.460907
     3.68643
    0.153810
     2.60785
     2.36574
    -1.01785
    0.471111
   -0.393761
    0.861521
    -6.14132
    -3.77794
    0.702891
     2.95645
    -3.43035
    0.734502
    0.210345
   -0.120061
    -1.74855
    -1.01612
    0.555224
    -9.91099E-02
     1.85378
    -1.33324
     2.41126
    0.613361
    -6.51203
   -0.479345
    -1.01169
    -2.21759E-02
   -0.607230
    -1.86433E-02
    -5.11587
     3.53596
   -0.309043
     3.97335
    -1.23407
    -5.92815
    -4.98422
    -5.57434E-02
   -0.546152
    -6.14234
    -1.04734
    -5.00230
     3.21844
     1.97540
     4.02054
    -5.65321
    -5.42416
     4.14312
    -1.91899
     1.00659
    -4.20492
     1.55588
   -0.290377
   -0.433694
    0.165673
     2.20789
     3.27493
     4.20280
    0.862496
    -8.86903E-02
    -6.34820
     1.64833
     2.37272
    0.244168
    -1.24852
    -5.39465
    -6.04865
    -9.61020E-02
    -1.17407
    0.290051
    -1.32309
     3.30573
    -1.27857
   -0.917563
    -5.55807
    -2.15779
     2.90768
     1.01319E-02
    -5.63070
    0.330862
    -6.02566
    -4.06522
    -3.26606E-02
    0.358962
    -2.88550
     1.01469
     3.61739
   -0.772025
    -9.48231E-03
    -5.12094
    0.672084
     3.02230
     3.07360
     4.06182
     1.69574
    0.447338
   -0.582107
    -5.86058
   -0.119184
    -5.50339
     1.26274
   -0.332166
    0.765246
    -5.93685
     1.32297
     3.30493
     3.69859
    -1.14397
     1.83868
    -6.01309
    -1.84667
   -0.834975
   -0.475505
     3.71778
    -3.89427
   -0.571255
   -0.986811
     2.02708
     3.44351
     7.30429E-02
    0.602032
     5.37726
    -5.30962
     3.08472
    0.633307
    -1.24721
     3.14553E-02
   -0.948567
     3.71023
    -6.52419
    0.144431
    -4.96241
    -5.77719
     3.58853
     4.25212
